SN = 9900
scan_lst = ['0', '1', '2', '3']
phys_ch_lst = ['0', '1', '2', '3']
gain_lst = ['0.25', 'T-thrmc', '0.25', 'T-thrmc']
RingBuffer_size = 4320000
time_out = 0.1
cjc_value = -2.0
calib = [0.025120035807291666, 99.8925784, 0.025659993489583335, 24.53339632000001, 1525404497.856]