DVAL = 0.04210000000000003
DIR = 1
OFF = 0
DRBV = 0.04200000000000003
DLLM = 0
DHLM = 10
SPDB = 0.001